file,yepa
145,quepasagente
